=== Outcome Variable Coverage: Wave x Variable ===
Run: 2026-03-31 18:47:43.637917

Variable                       W1     W2     W3     W4     W5     W6     W8    
-------------------------------------------------------------------------------
work_welldone                  2353    59      7       7906    13933   13362   10281  
hh_size_actual                 6624    8277    2457    9707    14036   13419   10274  
breadwinner_bin                2734    1724    1054    7954    13931   13366   10102  
parttime_bin                   2681    3792    1446    7141    0       11353   9213   
selfemployed_bin               3150    7860    2253    8047    13833   13360   10289  
permanent_bin                  2096    51      6       6903    12096   11886   9137   
wpsize                         2889    4167    1563    7746    13590   0       10108  
boss_woman                     2844    7084    1976    7092    12071   11804   9083   
seniority                      3187    7998    2288    8051    13875   13281   10269  
supervisor_bin                 2742    1751    1075    7928    13894   13310   10255  
usual_hours_main               6490    8194    2418    9448    13718   13129   10114  
second_job_bin                 3028    4313    1625    8065    13965   13424   10315  
skills_match                   2354    59      7       7855    13891   13347   10234  
absent_days                    2404    59      7       8011    13579   12264   9797   
team                           2982    4297    1620    7965    13809   13360   10200  
dealing_customers              3215    7985    2274    8148    14013   13428   10306  
support_colleagues             2356    59      7       7859    12784   12284   9068   
osh_informed_r                 5952    7033    2021    9211    13792   13230   10193  
commute_time_trend             3039    7542    2131    7741    12985   12511   9362   
wlb_fit                        3041    4309    1618    8095    13954   13414   10299  
interrupt_r                    2760    1734    1066    7971    13972   13428   10291  
take_break_r                   2383    58      7       7930    13971   13357   10304  
health_work_neg                0       0       0       0       13602   13067   9835   
osh_risk_bin                   6370    7915    2352    9398    13799   13253   10046  
computer_r                     6540    8238    2432    9600    14020   13445   10323  
idx_schedules                  2772    3965    1447    7334    12979   12487   9633   
idx_hazards                    2335    57      7       7777    13828   13262   10127  
idx_wlb                        2353    3510    1172    6536    11435   11732   6268   
idx_pace                       3066    7575    2157    7792    12915   12418   8620   
idx_complexity                 2952    7383    2084    7594    13395   13064   9789   
idx_intensity                  2347    57      7       7828    13831   13262   10195  
idx_hostile                    0       0       0       0       13919   13292   10195  
idx_health                     0       0       0       0       13963   13414   10144  
idx_perf_pay                   2607    3695    1398    6941    11941   11888   0      

=== Index Component Z-score Coverage ===

Z-variable                     W1     W2     W3     W4     W5     W6     W8    
-------------------------------------------------------------------------------
--- idx_schedules ---
  night_z                      3098    7788    2219    7824    13617   13033   10058  
  longday_z                    2921    4166    1553    7736    13375   12866   9886   
  same_days_week_z             3029    4285    1619    8071    14008   13436   10307  
  fixed_startfinish_z          3209    7918    2264    8126    13990   13420   10299  
  shift_z                      6527    8179    2372    9568    13971   13422   10300  
--- idx_hazards ---
  vibration_z                  3220    7995    2284    8165    14018   13437   10296  
  noise_z                      6565    8252    2446    9642    14023   13440   10304  
  hightemp_z                   3209    7993    2282    8145    14009   13434   10294  
  lowtemp_z                    3220    7982    2277    8154    14008   13429   10290  
  smoke_z                      3213    7989    2279    8144    14020   13425   10308  
  vapour_z                     2378    59      7       7945    14007   13436   10297  
  chemicals_z                  3206    7982    2278    8137    14008   13430   10306  
  tiring_positions_z           6560    8229    2433    9633    14004   13416   10299  
  heavy_loads_z                6558    8251    2441    9635    14018   13449   10315  
  rep_movements_z              3202    7976    2271    8115    13998   13423   10299  
--- idx_wlb ---
  time_care_children_z         2599    3770    1325    7061    12372   11997   7329   
  time_do_housework_z          3003    4320    1623    7974    13988   13455   10299  
  time_care_relatives_z        2585    3908    1347    7107    12344   12901   7385   
--- idx_pace ---
  pace_colleagues_z            3196    7920    2257    8097    13926   13049   9831   
  pace_cust_z                  3187    7943    2262    8075    13933   13263   10035  
  pace_targets_z               3170    7819    2226    8031    13835   13053   9552   
  pace_machine_z               3180    7901    2257    8072    13922   13006   9502   
  pace_boss_z                  3176    7870    2232    8018    13215   12889   9687   
--- idx_complexity ---
  qual_standards_z             3151    7817    2226    8012    13804   13317   10143  
  assess_qual_z                3146    7810    2213    7988    13836   13350   10165  
  unforeseen_problems_z        3178    7912    2247    8086    13936   13395   10259  
  monotasks_z                  3184    7878    2246    8087    13879   13363   10224  
  complex_tasks_z              3126    7869    2234    7990    13864   13357   10199  
  learning_new_things_z        3178    7911    2248    8085    13933   13397   10260  
--- idx_intensity ---
  enough_time_z                2382    59      7       7941    13969   13350   10274  
  highspeed_z                  6493    8185    2414    9594    13959   13415   10290  
  tightdead_z                  6479    8140    2406    9566    13941   13387   10264  
--- idx_hostile ---
  asb_unwanted_sexatt_z        3223    8010    2284    8164    14010   13426   10283  
  asb_violence_z               0       0       0       0       14019   13439   10308  
  dis_age_z                    3207    8002    2281    8145    14012   13433   10253  
  dis_ethnic_z                 3223    8005    2283    8169    14016   13414   10252  
  dis_nation_z                 3219    8005    2283    8157    14010   13408   10252  
  dis_gender_z                 3217    8005    2284    8169    14016   13429   10251  
  dis_disability_z             3220    7999    2281    8159    14017   13404   10253  
  dis_sex_orient_z             3043    4326    1630    8099    14013   13413   10251  
--- idx_health ---
  health_backache_z            0       0       0       0       14021   13454   10290  
  health_musc_upper_z          0       0       0       0       14020   13452   10299  
  health_musc_lower_z          0       0       0       0       14013   13454   10273  
  health_headaches_z           0       0       0       0       14014   13445   10257  
  health_anxiety_z             0       0       0       0       14002   13448   10254  
--- idx_perf_pay ---
  earn_overtime_z              2834    7349    2044    7121    12034   11951   9162   
  earn_perf_company_z          2618    3695    1398    6992    11989   11918   0      
